1 2
1 2
1 2
1 2
1 2
1 2
1 2
1 2
1 2
1 2
1 2
1 2
1 2
1 2
1 2
1 2
1 2
1 2
1 2
1 2
1 2
1 2
1 2
1 2
1 2
1 2
1 2
1 2
1 2
1 2
6 8
56 789
12 2499550020
12 2499550020
12 2499550020
12 2499550020
12 2499550020
12 2499550020
12 2499550020
12 2499550020
12 2499550020
12 2499550020
12 2499550020
12 2499550020
12 2499550020
12 2499550020
12 2499550020
12 2499550020
12 2499550020
12 2499550020
12 2499550020
12 2499550020
12 2499550020
12 2499550020
12 2499550020
12 2499550020
12 2499550020
12 2499550020
12 2499550020
12 2499550020
0 0
